1, 162, 187.026, 1
2, 198, 217.04, 1
3, 207, 252.897, 0.953933
4, 176, 296.211, 0.965247
5, 333, 349.868, 0.9721
6, 313, 416.618, 0.976695
7, 393, 501.097, 0.97999
8, 405, 609.134, 0.982469
9, 488, 750.447, 0.984402
10, 583, 936.969, 0.985951
11, 722, 1186.93, 0.987219
12, 855, 1526.77, 0.988275
13, 1100, 1994.2, 0.989166
14, 1417, 2644.95, 0.989936
15, 2449, 3554.82, 0.990603
16, 3984, 4830.74, 0.991188
17, 6316, 6602.9, 0.991704
18, 6833, 8944.35, 0.992163
19, 7574, 11835.2, 0.992574
20, 8830, 15079.3, 0.992258
21, 9626, 18256.6, 0.987861
22, 11687, 20809.9, 0.985124
23, 14830, 22296.5, 0.975844
24, 15226, 22560.9, 0.963124
25, 14672, 21738.1, 0.927223
26, 9921, 20127.5, 0.896058
27, 9064, 18069.4, 0.872638
28, 8275, 15839.7, 0.865219
29, 8734, 13639, 0.859236
30, 7491, 11579.2, 0.846699
31, 5380, 9723.95, 0.827446
32, 3886, 8095.46, 0.800535
33, 2749, 6694.5, 0.762623
34, 1720, 5504.15, 0.724513
35, 1231, 4502.91, 0.69527
36, 1134, 3671.11, 0.670292
37, 947, 2983.01, 0.647102
38, 753, 2416.83, 0.628596
39, 664, 1952.03, 0.61011
40, 506, 1573.71, 0.594164
41, 404, 1266.21, 0.57864
42, 321, 1017.24, 0.563038
43, 254, 816.395, 0.549249
44, 203, 654.298, 0.543963
45, 213, 523.599, 0.538816
46, 170, 418.688, 0.54144
47, 184, 334.361, 0.548143
48, 183, 266.533, 0.555052
49, 201, 212.324, 0.56176
50, 141, 168.952, 0.568277
51, 178, 134.511, 0.574319
52, 240, 107.33, 0.557907
