0, 1.092451, 0.000000, 0.783820, 0.000000, 0.000000
1, 1.085037, 0.000000, 0.796285, 0.000000, 0.000000
2, 1.076899, 0.000020, 0.746732, 0.000023, 0.000000
3, 1.024889, 0.000000, 0.720947, 0.000000, 0.000000
4, 1.034035, 0.000000, 0.733764, 0.000000, 0.000000
5, 1.070622, 0.000000, 0.756529, 0.000000, 0.000000
6, 1.054873, 0.000000, 0.759188, 0.000000, 0.000000
7, 1.020354, 0.000000, 0.721302, 0.000000, 0.000000
8, 1.002730, 0.000000, 0.734527, 0.000000, 0.000000
9, 1.020037, 0.000000, 0.699551, 0.000000, 0.002969
10, 0.970658, 0.000000, 0.718594, 0.000000, 0.000000
11, 0.995014, 0.002649, 0.699516, 0.006687, 0.027485
12, 0.978134, 0.000000, 0.725678, 0.000000, 0.000000
13, 0.972185, 0.001278, 0.688097, 0.000546, 0.061475
14, 0.948557, 0.000000, 0.688489, 0.000000, 0.000000
15, 0.942055, 0.002456, 0.679701, 0.000108, 0.019416
16, 0.961204, 0.000000, 0.678050, 0.000000, 0.000552
17, 0.927871, 0.000000, 0.645868, 0.000000, 0.000002
18, 0.937935, 0.000000, 0.676640, 0.000000, 0.000000
19, 0.963232, 0.004826, 0.677081, 0.002957, 0.001621
20, 0.943587, 0.000000, 0.677679, 0.000000, 0.000000
21, 0.945601, 0.000000, 0.668288, 0.000000, 0.000155
22, 0.940313, 0.000000, 0.651633, 0.000000, 0.000004
23, 0.920791, 0.000000, 0.654050, 0.000000, 0.000000
24, 0.918727, 0.000000, 0.636503, 0.000000, 0.008456
25, 0.903351, 0.000000, 0.619064, 0.000000, 0.000000
26, 0.904698, 0.000000, 0.604092, 0.000000, 0.000000
27, 0.918304, 0.000000, 0.617699, 0.000000, 0.000000
28, 0.890980, 0.000000, 0.617309, 0.000000, 0.000000
29, 0.899880, 0.000000, 0.622373, 0.000000, 0.000000
30, 0.908945, 0.000000, 0.624703, 0.000000, 0.000025
31, 0.880005, 0.000000, 0.601222, 0.000000, 0.000000
32, 0.867824, 0.000000, 0.606569, 0.000000, 0.000004
33, 0.856058, 0.001360, 0.582742, 0.000267, 0.000639
34, 0.828547, 0.000000, 0.577719, 0.000000, 0.000001
35, 0.827079, 0.000027, 0.579272, 0.000001, 0.006744
36, 0.837760, 0.005108, 0.573784, 0.000420, 0.011864
37, 0.830091, 0.000003, 0.566578, 0.000016, 0.000518
38, 0.841970, 0.000000, 0.565282, 0.000000, 0.000076
39, 0.822677, 0.000000, 0.545130, 0.000000, 0.000391
40, 0.814456, 0.000000, 0.543696, 0.000000, 0.000182
41, 0.811530, 0.000230, 0.548629, 0.000010, 0.000791
42, 0.809975, 0.000003, 0.539617, 0.000000, 0.000731
43, 0.794931, 0.000000, 0.540564, 0.000000, 0.000002
44, 0.785501, 0.000046, 0.528392, 0.000020, 0.016735
45, 0.802390, 0.005864, 0.533327, 0.004773, 0.002164
46, 0.778098, 0.000000, 0.525675, 0.000000, 0.000007
47, 0.760567, 0.000027, 0.510347, 0.000008, 0.020314
48, 0.759134, 0.000117, 0.496328, 0.000017, 0.079211
49, 0.764414, 0.000002, 0.494375, 0.000002, 0.003767
50, 0.780732, 0.000000, 0.497204, 0.000000, 0.001251
51, 0.783685, 0.000000, 0.504061, 0.000000, 0.000000
52, 0.774666, 0.000004, 0.510940, 0.000088, 0.000137
53, 0.772245, 0.000002, 0.513013, 0.000195, 0.001635
54, 0.759905, 0.000767, 0.508065, 0.001551, 0.000835
55, 0.757131, 0.000046, 0.509084, 0.000017, 0.015931
56, 0.754181, 0.000260, 0.509848, 0.000584, 0.025106
57, 0.742467, 0.000439, 0.502164, 0.000641, 0.105587
58, 0.744773, 0.002815, 0.497378, 0.000507, 0.069015
59, 0.745665, 0.000774, 0.492891, 0.001409, 0.006321
60, 0.736765, 0.000798, 0.498917, 0.000058, 0.002799
61, 0.743498, 0.003211, 0.499592, 0.001741, 0.103258
62, 0.748221, 0.000004, 0.497635, 0.000022, 0.108760
63, 0.731750, 0.000318, 0.493262, 0.000005, 0.003692
64, 0.717643, 0.000929, 0.496050, 0.000392, 0.153394
65, 0.717650, 0.008985, 0.492438, 0.001259, 0.455240
66, 0.718571, 0.003227, 0.493138, 0.000912, 0.289824
67, 0.721705, 0.005890, 0.496944, 0.001840, 0.261575
68, 0.720034, 0.004138, 0.495504, 0.002414, 0.407127
69, 0.721317, 0.001987, 0.487530, 0.003013, 0.340278
70, 0.713241, 0.004575, 0.486411, 0.001483, 0.083387
71, 0.715596, 0.009909, 0.487073, 0.002028, 0.381485
72, 0.711619, 0.001866, 0.480642, 0.002434, 0.300081
73, 0.708149, 0.003123, 0.475772, 0.001932, 0.231811
74, 0.702202, 0.008447, 0.478913, 0.001642, 0.143949
75, 0.694194, 0.002343, 0.477655, 0.001983, 0.358986
76, 0.691898, 0.002316, 0.479866, 0.001801, 0.446743
77, 0.689830, 0.005069, 0.478550, 0.004305, 0.779213
78, 0.686930, 0.002483, 0.477201, 0.002167, 0.735242
79, 0.684795, 0.006535, 0.476478, 0.001029, 0.666708
80, 0.681849, 0.006274, 0.474448, 0.001177, 0.713266
81, 0.679842, 0.003786, 0.473657, 0.001262, 0.810823
82, 0.678670, 0.005342, 0.473886, 0.002007, 0.741149
83, 0.675307, 0.005531, 0.473674, 0.002726, 0.848065
84, 0.673157, 0.005536, 0.474277, 0.001971, 0.773713
85, 0.670317, 0.003722, 0.474576, 0.002706, 0.859492
86, 0.667251, 0.003758, 0.475135, 0.001954, 0.919184
87, 0.665262, 0.004566, 0.475967, 0.002003, 0.927383
88, 0.662436, 0.004119, 0.476242, 0.001906, 0.958404
89, 0.661130, 0.004223, 0.476817, 0.002103, 0.961650
90, 0.659108, 0.004459, 0.477376, 0.002210, 0.962264
91, 0.657324, 0.004106, 0.477776, 0.002292, 0.960110
92, 0.656107, 0.004045, 0.478552, 0.002304, 0.964114
93, 0.655141, 0.004354, 0.479052, 0.002103, 0.974495
94, 0.654179, 0.004184, 0.479811, 0.002396, 0.970029
95, 0.653132, 0.004092, 0.480060, 0.002240, 0.974257
96, 0.652420, 0.004228, 0.480321, 0.002196, 0.971911
97, 0.652105, 0.004110, 0.480748, 0.002313, 0.973691
98, 0.651662, 0.003949, 0.481129, 0.002299, 0.973683
99, 0.651415, 0.004066, 0.481623, 0.002440, 0.973957
0, 0.810257, 0.001245, 0.569729, 0.006523, 0.080990
1, 0.806829, 0.003503, 0.553246, 0.002780, 0.349078
2, 0.805052, 0.007882, 0.539236, 0.000049, 0.067368
3, 0.787470, 0.000685, 0.545673, 0.000483, 0.000153
4, 0.792039, 0.001667, 0.546610, 0.000036, 0.111978
5, 0.777786, 0.002079, 0.537007, 0.000328, 0.010987
6, 0.809286, 0.005169, 0.519201, 0.004526, 0.170524
7, 0.791384, 0.000000, 0.514556, 0.000000, 0.000000
8, 0.761370, 0.000000, 0.517469, 0.000000, 0.000010
9, 0.771849, 0.006827, 0.505731, 0.000738, 0.124718
10, 0.764707, 0.000005, 0.514977, 0.000029, 0.000114
11, 0.766591, 0.011231, 0.503275, 0.000485, 0.061875
12, 0.770080, 0.001814, 0.512102, 0.000194, 0.002366
13, 0.757714, 0.006790, 0.501460, 0.000985, 0.047400
14, 0.751021, 0.004991, 0.490471, 0.001421, 0.015743
15, 0.732809, 0.003447, 0.493111, 0.000803, 0.013990
16, 0.714555, 0.004793, 0.488940, 0.002677, 0.091544
17, 0.690537, 0.003098, 0.487169, 0.004101, 0.331562
18, 0.689410, 0.004581, 0.487625, 0.002040, 0.856300
19, 0.688099, 0.004700, 0.489979, 0.002463, 0.882321
20, 0.684891, 0.003907, 0.489889, 0.002092, 0.919603
21, 0.681124, 0.004912, 0.490263, 0.002435, 0.918838
22, 0.679197, 0.004213, 0.490514, 0.002653, 0.949881
23, 0.675763, 0.004299, 0.491539, 0.002296, 0.954087
24, 0.674450, 0.004195, 0.491249, 0.002566, 0.958733
25, 0.673059, 0.004653, 0.491110, 0.002325, 0.961424
26, 0.672059, 0.004750, 0.491155, 0.002552, 0.956178
27, 0.670430, 0.004331, 0.491525, 0.002561, 0.964518
28, 0.669860, 0.004375, 0.491589, 0.002350, 0.964141
29, 0.669513, 0.004388, 0.491894, 0.002396, 0.965051
30, 0.668946, 0.004424, 0.492306, 0.002201, 0.971433
31, 0.668376, 0.004882, 0.492828, 0.002382, 0.970094
32, 0.668633, 0.004597, 0.492909, 0.002731, 0.967300
33, 0.668638, 0.003982, 0.492493, 0.002441, 0.967275
34, 0.667857, 0.004337, 0.492702, 0.002367, 0.966110
35, 0.667733, 0.004445, 0.492791, 0.002475, 0.969419
36, 0.667663, 0.004316, 0.492929, 0.002436, 0.971042
37, 0.668313, 0.004242, 0.493213, 0.002467, 0.971969
38, 0.667615, 0.004145, 0.493531, 0.002151, 0.968153
39, 0.667648, 0.004133, 0.494086, 0.002198, 0.974298
40, 0.667866, 0.004392, 0.494163, 0.002533, 0.972039
41, 0.668030, 0.004418, 0.494390, 0.002396, 0.974145
42, 0.667632, 0.004541, 0.494665, 0.002423, 0.971882
43, 0.667505, 0.004116, 0.494658, 0.002294, 0.972385
44, 0.667860, 0.004291, 0.495043, 0.002564, 0.972493
45, 0.668283, 0.004059, 0.495112, 0.002477, 0.971973
46, 0.668370, 0.004267, 0.495398, 0.002399, 0.971142
47, 0.669518, 0.004358, 0.495408, 0.002335, 0.971386
48, 0.669599, 0.004277, 0.494687, 0.002481, 0.973858
49, 0.669153, 0.004321, 0.494415, 0.002323, 0.973803
50, 0.669296, 0.004534, 0.494447, 0.002459, 0.970841
51, 0.669807, 0.004471, 0.494744, 0.002503, 0.969753
52, 0.669856, 0.004287, 0.494723, 0.002320, 0.973304
53, 0.669603, 0.004480, 0.494703, 0.002487, 0.973674
54, 0.669557, 0.004421, 0.494681, 0.002476, 0.969955
55, 0.669120, 0.004487, 0.495091, 0.002666, 0.972641
56, 0.670186, 0.004249, 0.494773, 0.002551, 0.969606
57, 0.670205, 0.004110, 0.495253, 0.002436, 0.971832
58, 0.669848, 0.004683, 0.495686, 0.002332, 0.971974
59, 0.670367, 0.004422, 0.495963, 0.002460, 0.968990
60, 0.670316, 0.004313, 0.495658, 0.002286, 0.972308
61, 0.670619, 0.004400, 0.495725, 0.002529, 0.971591
62, 0.670259, 0.004344, 0.495381, 0.002395, 0.969018
63, 0.670003, 0.004320, 0.495368, 0.002401, 0.971200
64, 0.669741, 0.004364, 0.495311, 0.002456, 0.973236
65, 0.670299, 0.004233, 0.495089, 0.002456, 0.970511
66, 0.670575, 0.004168, 0.495232, 0.002290, 0.976986
67, 0.670620, 0.004715, 0.494967, 0.002459, 0.972504
68, 0.670530, 0.004565, 0.495068, 0.002592, 0.968570
69, 0.670467, 0.004253, 0.495046, 0.002511, 0.965431
70, 0.670258, 0.004829, 0.495096, 0.002376, 0.969633
71, 0.669853, 0.004172, 0.495729, 0.002455, 0.976048
72, 0.669551, 0.004564, 0.495602, 0.002431, 0.968763
73, 0.669676, 0.004128, 0.495594, 0.002399, 0.970566
74, 0.669845, 0.004380, 0.495850, 0.002447, 0.974044
75, 0.669710, 0.004477, 0.496267, 0.002397, 0.970187
76, 0.669653, 0.004605, 0.496333, 0.002367, 0.969862
77, 0.669871, 0.004293, 0.496446, 0.002475, 0.974835
78, 0.669968, 0.004239, 0.496381, 0.002519, 0.972102
79, 0.670108, 0.004309, 0.496479, 0.002469, 0.971459
80, 0.669978, 0.004687, 0.496619, 0.002373, 0.970596
81, 0.670522, 0.004490, 0.496950, 0.002458, 0.972864
82, 0.670835, 0.004427, 0.496959, 0.002457, 0.972114
83, 0.670698, 0.004604, 0.497005, 0.002383, 0.976314
84, 0.670712, 0.004195, 0.497099, 0.002475, 0.969279
85, 0.670557, 0.004493, 0.496897, 0.002504, 0.969891
86, 0.670429, 0.004211, 0.497040, 0.002544, 0.971879
87, 0.670474, 0.004555, 0.496913, 0.002452, 0.972294
88, 0.670518, 0.004343, 0.496730, 0.002171, 0.977668
89, 0.670753, 0.004179, 0.496796, 0.002254, 0.976811
90, 0.670658, 0.004411, 0.496841, 0.002443, 0.974130
91, 0.670416, 0.004365, 0.496800, 0.002417, 0.971185
92, 0.670591, 0.004303, 0.497001, 0.002519, 0.971110
93, 0.670702, 0.004507, 0.497106, 0.002255, 0.978135
94, 0.670723, 0.004409, 0.497456, 0.002624, 0.973226
95, 0.670571, 0.004233, 0.497241, 0.002401, 0.976277
96, 0.670561, 0.004449, 0.497039, 0.002375, 0.972833
97, 0.670821, 0.004275, 0.497016, 0.002421, 0.973749
98, 0.670865, 0.004181, 0.497012, 0.002487, 0.972743
99, 0.670985, 0.004314, 0.497322, 0.002647, 0.972533
0, 0.856059, 0.000000, 0.559455, 0.000000, 0.000000
1, 0.810806, 0.000000, 0.554118, 0.000000, 0.000001
2, 0.808568, 0.006414, 0.539986, 0.000031, 0.042444
3, 0.784420, 0.000003, 0.546160, 0.000011, 0.000048
4, 0.791898, 0.002272, 0.546394, 0.000101, 0.183427
5, 0.790692, 0.002361, 0.541671, 0.000355, 0.014858
6, 0.830622, 0.006659, 0.516066, 0.004867, 0.084208
7, 0.772579, 0.000000, 0.525155, 0.000000, 0.000000
8, 0.750875, 0.004312, 0.525460, 0.001646, 0.040409
9, 0.750494, 0.005512, 0.519990, 0.002099, 0.408110
10, 0.740619, 0.005768, 0.525479, 0.000479, 0.234446
11, 0.740700, 0.005491, 0.516949, 0.002065, 0.691557
12, 0.723987, 0.006681, 0.521664, 0.001898, 0.375148
13, 0.723512, 0.004949, 0.519391, 0.002657, 0.910379
14, 0.720823, 0.004767, 0.516060, 0.002796, 0.875631
15, 0.719279, 0.004010, 0.513931, 0.002351, 0.903538
16, 0.716783, 0.005524, 0.513935, 0.004254, 0.857791
17, 0.714864, 0.004355, 0.512239, 0.003089, 0.869247
18, 0.716570, 0.005056, 0.511681, 0.002157, 0.884325
19, 0.717312, 0.005074, 0.513375, 0.002747, 0.872062
20, 0.716406, 0.003911, 0.512325, 0.001578, 0.860991
21, 0.713660, 0.006294, 0.510334, 0.002784, 0.842024
22, 0.715080, 0.004060, 0.508754, 0.003635, 0.855425
23, 0.711061, 0.005768, 0.507036, 0.002482, 0.851562
24, 0.710669, 0.003932, 0.503912, 0.002230, 0.850191
25, 0.706372, 0.004381, 0.500569, 0.002662, 0.830768
26, 0.708239, 0.005428, 0.498001, 0.003124, 0.750715
27, 0.707039, 0.004777, 0.494744, 0.002593, 0.794947
28, 0.706597, 0.007048, 0.492195, 0.001703, 0.734128
29, 0.714538, 0.005034, 0.491665, 0.003895, 0.682300
30, 0.713618, 0.007550, 0.492856, 0.002408, 0.459568
31, 0.714627, 0.004355, 0.488238, 0.001044, 0.588745
32, 0.704136, 0.003343, 0.481097, 0.002016, 0.295363
33, 0.697296, 0.002138, 0.480702, 0.000881, 0.266420
34, 0.688810, 0.003650, 0.477994, 0.001753, 0.614393
35, 0.684551, 0.006483, 0.476729, 0.003180, 0.754098
36, 0.678527, 0.003988, 0.476409, 0.002369, 0.766140
37, 0.677691, 0.003996, 0.476534, 0.001957, 0.868492
38, 0.675204, 0.005065, 0.476408, 0.002130, 0.827877
39, 0.672443, 0.003113, 0.478453, 0.001411, 0.904599
40, 0.669658, 0.004367, 0.479216, 0.002120, 0.927219
41, 0.666935, 0.004472, 0.480135, 0.002133, 0.953362
42, 0.664275, 0.004735, 0.480950, 0.002333, 0.952782
43, 0.661833, 0.003864, 0.481678, 0.002334, 0.960384
44, 0.660435, 0.004260, 0.482702, 0.002457, 0.965306
45, 0.659293, 0.003994, 0.483187, 0.002302, 0.966557
46, 0.657919, 0.004076, 0.483908, 0.002278, 0.967690
47, 0.658043, 0.004263, 0.484433, 0.002236, 0.969726
48, 0.657434, 0.004192, 0.484321, 0.002422, 0.973495
49, 0.656390, 0.004107, 0.484528, 0.002238, 0.974408
50, 0.656291, 0.004370, 0.484961, 0.002348, 0.972662
51, 0.656666, 0.004432, 0.485668, 0.002393, 0.972110
52, 0.656884, 0.004154, 0.486003, 0.002282, 0.975476
53, 0.656688, 0.004216, 0.486147, 0.002376, 0.975917
54, 0.656899, 0.004226, 0.486520, 0.002351, 0.973139
55, 0.656769, 0.004252, 0.487157, 0.002507, 0.975160
56, 0.657605, 0.004041, 0.487025, 0.002466, 0.972604
57, 0.657811, 0.004049, 0.487464, 0.002398, 0.974821
58, 0.657729, 0.004358, 0.488105, 0.002280, 0.974989
59, 0.658100, 0.004304, 0.488520, 0.002346, 0.973636
60, 0.658285, 0.004195, 0.488464, 0.002236, 0.975552
61, 0.658755, 0.004270, 0.488743, 0.002470, 0.974632
62, 0.658786, 0.004148, 0.488645, 0.002391, 0.972424
63, 0.658852, 0.004330, 0.488797, 0.002345, 0.974412
64, 0.658873, 0.004195, 0.489022, 0.002362, 0.976116
65, 0.659690, 0.004069, 0.489039, 0.002406, 0.973761
66, 0.660133, 0.004092, 0.489304, 0.002281, 0.979433
67, 0.660223, 0.004518, 0.489148, 0.002445, 0.976641
68, 0.660526, 0.004415, 0.489428, 0.002477, 0.972203
69, 0.660556, 0.004181, 0.489458, 0.002430, 0.968936
70, 0.660532, 0.004494, 0.489646, 0.002302, 0.972807
71, 0.660386, 0.004033, 0.490475, 0.002362, 0.978493
72, 0.660402, 0.004317, 0.490665, 0.002370, 0.971788
73, 0.660755, 0.004094, 0.490758, 0.002372, 0.973341
74, 0.661019, 0.004208, 0.491067, 0.002400, 0.976480
75, 0.661233, 0.004347, 0.491621, 0.002359, 0.973112
76, 0.661331, 0.004408, 0.491762, 0.002331, 0.972804
77, 0.661808, 0.004177, 0.491990, 0.002415, 0.976999
78, 0.662078, 0.004170, 0.492055, 0.002511, 0.974444
79, 0.662201, 0.004278, 0.492185, 0.002395, 0.973688
80, 0.662381, 0.004567, 0.492445, 0.002351, 0.973138
81, 0.663192, 0.004402, 0.492741, 0.002420, 0.974587
82, 0.663553, 0.004219, 0.492880, 0.002431, 0.974191
83, 0.663579, 0.004392, 0.492966, 0.002409, 0.977976
84, 0.663803, 0.004084, 0.493117, 0.002437, 0.971668
85, 0.663784, 0.004338, 0.493079, 0.002440, 0.971909
86, 0.663898, 0.004138, 0.493239, 0.002494, 0.973816
87, 0.664007, 0.004462, 0.493213, 0.002454, 0.974176
88, 0.664266, 0.004198, 0.493135, 0.002162, 0.978992
89, 0.664550, 0.004097, 0.493249, 0.002261, 0.978260
90, 0.664611, 0.004227, 0.493337, 0.002439, 0.975729
91, 0.664326, 0.004336, 0.493388, 0.002409, 0.973124
92, 0.664490, 0.004326, 0.493666, 0.002468, 0.973052
93, 0.664697, 0.004267, 0.493876, 0.002233, 0.979441
94, 0.664816, 0.004350, 0.494236, 0.002588, 0.974955
95, 0.664782, 0.004131, 0.494133, 0.002385, 0.977692
96, 0.664962, 0.004241, 0.494066, 0.002320, 0.974602
97, 0.665429, 0.004203, 0.494036, 0.002413, 0.975523
98, 0.665485, 0.004111, 0.494146, 0.002430, 0.974472
99, 0.665664, 0.004257, 0.494350, 0.002557, 0.974249
0, 0.496445, 0.002418, 0.354485, 0.001268, 0.972116
1, 0.492451, 0.002388, 0.359199, 0.001288, 0.960414
2, 0.491351, 0.002253, 0.362724, 0.001277, 0.922126
3, 0.492196, 0.002382, 0.365116, 0.001298, 0.894338
4, 0.493957, 0.002310, 0.367473, 0.001317, 0.907610
5, 0.496469, 0.002364, 0.369116, 0.001456, 0.898518
6, 0.498792, 0.002292, 0.372177, 0.001466, 0.925620
7, 0.501738, 0.002326, 0.373114, 0.001478, 0.885382
8, 0.502958, 0.002388, 0.375051, 0.001411, 0.926689
9, 0.504854, 0.002647, 0.376817, 0.001341, 0.915300
10, 0.506680, 0.002378, 0.378686, 0.001366, 0.915279
11, 0.509303, 0.002504, 0.380757, 0.001481, 0.934564
12, 0.511672, 0.002544, 0.382688, 0.001455, 0.947533
13, 0.513922, 0.002568, 0.384455, 0.001514, 0.934956
14, 0.515905, 0.002515, 0.385947, 0.001505, 0.942729
15, 0.516911, 0.002521, 0.387807, 0.001485, 0.941170
16, 0.519105, 0.002501, 0.389442, 0.001507, 0.932844
17, 0.521154, 0.002550, 0.391325, 0.001549, 0.939817
18, 0.523300, 0.002641, 0.392576, 0.001572, 0.945760
19, 0.525830, 0.002557, 0.393942, 0.001541, 0.958728
20, 0.527502, 0.002657, 0.395966, 0.001509, 0.958023
21, 0.529760, 0.002717, 0.397950, 0.001628, 0.971408
22, 0.531865, 0.002701, 0.399580, 0.001548, 0.964861
23, 0.533710, 0.002646, 0.401030, 0.001585, 0.966992
24, 0.535816, 0.002689, 0.402284, 0.001638, 0.968578
25, 0.537635, 0.002827, 0.403862, 0.001596, 0.970397
26, 0.539452, 0.002720, 0.405378, 0.001558, 0.965337
27, 0.541260, 0.002885, 0.406786, 0.001645, 0.968259
28, 0.543150, 0.002803, 0.408371, 0.001676, 0.975448
29, 0.545503, 0.002774, 0.410086, 0.001615, 0.970712
30, 0.547683, 0.002954, 0.411666, 0.001714, 0.975623
31, 0.550243, 0.002977, 0.413401, 0.001713, 0.976419
32, 0.552617, 0.002847, 0.414856, 0.001760, 0.975492
33, 0.554124, 0.002946, 0.416399, 0.001721, 0.977802
34, 0.555538, 0.002917, 0.417740, 0.001748, 0.977907
35, 0.557695, 0.003027, 0.419056, 0.001762, 0.976205
36, 0.559389, 0.002938, 0.420276, 0.001800, 0.978049
37, 0.561224, 0.003027, 0.421794, 0.001787, 0.978529
38, 0.562572, 0.003066, 0.422985, 0.001736, 0.977438
39, 0.564240, 0.003150, 0.424409, 0.001794, 0.977097
40, 0.566065, 0.003033, 0.425671, 0.001821, 0.976288
41, 0.567312, 0.003079, 0.426947, 0.001843, 0.980968
42, 0.568783, 0.003201, 0.428161, 0.001831, 0.976957
43, 0.570105, 0.003057, 0.429111, 0.001850, 0.979169
44, 0.571841, 0.003149, 0.430240, 0.001838, 0.977804
45, 0.573579, 0.003092, 0.431180, 0.001855, 0.979885
46, 0.575456, 0.003068, 0.432145, 0.001908, 0.980809
47, 0.577330, 0.003147, 0.433469, 0.001824, 0.976897
48, 0.578246, 0.003264, 0.434259, 0.001854, 0.979631
49, 0.579251, 0.003185, 0.435333, 0.001939, 0.981860
50, 0.581133, 0.003259, 0.436416, 0.001898, 0.982165
51, 0.583004, 0.003232, 0.437806, 0.001925, 0.980441
52, 0.584853, 0.003288, 0.438920, 0.001952, 0.980348
53, 0.586213, 0.003283, 0.439962, 0.001906, 0.981641
54, 0.588086, 0.003332, 0.441013, 0.001847, 0.980219
55, 0.589150, 0.003309, 0.442195, 0.001906, 0.980144
56, 0.590533, 0.003354, 0.442830, 0.001967, 0.979810
57, 0.591607, 0.003269, 0.443643, 0.001969, 0.980995
58, 0.592767, 0.003426, 0.444760, 0.001942, 0.981050
59, 0.593907, 0.003389, 0.445508, 0.001997, 0.979787
60, 0.594969, 0.003460, 0.446315, 0.001977, 0.982368
61, 0.596028, 0.003473, 0.447161, 0.001996, 0.980364
62, 0.596942, 0.003422, 0.447813, 0.002015, 0.978323
63, 0.598109, 0.003568, 0.448629, 0.001997, 0.980912
64, 0.598819, 0.003472, 0.449632, 0.001938, 0.982530
65, 0.600241, 0.003374, 0.450349, 0.002031, 0.981338
66, 0.601464, 0.003444, 0.451180, 0.002037, 0.984102
67, 0.602471, 0.003633, 0.451630, 0.002074, 0.982599
68, 0.603382, 0.003512, 0.452588, 0.002036, 0.980526
69, 0.604200, 0.003556, 0.453115, 0.002043, 0.977422
70, 0.605229, 0.003581, 0.453852, 0.002086, 0.979979
71, 0.605962, 0.003479, 0.454909, 0.002039, 0.983548
72, 0.606722, 0.003568, 0.455494, 0.002025, 0.978383
73, 0.607606, 0.003615, 0.456081, 0.002076, 0.979366
74, 0.608615, 0.003609, 0.456631, 0.002028, 0.981712
75, 0.609491, 0.003458, 0.457534, 0.002101, 0.980247
76, 0.610405, 0.003675, 0.458197, 0.002028, 0.980578
77, 0.611506, 0.003575, 0.458908, 0.002092, 0.982193
78, 0.612474, 0.003595, 0.459542, 0.002141, 0.980309
79, 0.613240, 0.003652, 0.460053, 0.002135, 0.979527
80, 0.614363, 0.003694, 0.460619, 0.002127, 0.979876
81, 0.615586, 0.003633, 0.461401, 0.002139, 0.980173
82, 0.616432, 0.003618, 0.462148, 0.002097, 0.980519
83, 0.617140, 0.003569, 0.462685, 0.002086, 0.982059
84, 0.617947, 0.003631, 0.463304, 0.002192, 0.979335
85, 0.618828, 0.003646, 0.463774, 0.002168, 0.977722
86, 0.619658, 0.003669, 0.464373, 0.002126, 0.979994
87, 0.620507, 0.003779, 0.464877, 0.002171, 0.980669
88, 0.621345, 0.003648, 0.465317, 0.002081, 0.982872
89, 0.622134, 0.003718, 0.465759, 0.002087, 0.982911
90, 0.622542, 0.003729, 0.466219, 0.002180, 0.981426
91, 0.622886, 0.003744, 0.466610, 0.002160, 0.979659
92, 0.623531, 0.003832, 0.467245, 0.002154, 0.979902
93, 0.624144, 0.003741, 0.467629, 0.002119, 0.983830
94, 0.624803, 0.003813, 0.468302, 0.002257, 0.980550
95, 0.625368, 0.003754, 0.468639, 0.002172, 0.981858
96, 0.626074, 0.003790, 0.468996, 0.002215, 0.980474
97, 0.626977, 0.003793, 0.469235, 0.002213, 0.981596
98, 0.627220, 0.003753, 0.469769, 0.002217, 0.981185
99, 0.627988, 0.003825, 0.470160, 0.002231, 0.981142
0, 0.495394, 0.001232, 0.256771, 0.001663, 0.004439
1, 0.467438, 0.002555, 0.259296, 0.000680, 0.028464
2, 0.442602, 0.001941, 0.267479, 0.000724, 0.162182
3, 0.428263, 0.001822, 0.275548, 0.000732, 0.676524
4, 0.418038, 0.001701, 0.283474, 0.000801, 0.626936
5, 0.414896, 0.001773, 0.287583, 0.000996, 0.434732
6, 0.414142, 0.001326, 0.292590, 0.001026, 0.432803
7, 0.413456, 0.001167, 0.294504, 0.001556, 0.345349
8, 0.413536, 0.001487, 0.295306, 0.001062, 0.337696
9, 0.415541, 0.001466, 0.296285, 0.000859, 0.302069
10, 0.417214, 0.001459, 0.298287, 0.000830, 0.326801
11, 0.418064, 0.001871, 0.300017, 0.000754, 0.387045
12, 0.419664, 0.001615, 0.300948, 0.001015, 0.394914
13, 0.420695, 0.001833, 0.301687, 0.001215, 0.362756
14, 0.420910, 0.001323, 0.302300, 0.000709, 0.373644
15, 0.421065, 0.001120, 0.303701, 0.000991, 0.408865
16, 0.423568, 0.001270, 0.305085, 0.001334, 0.363037
17, 0.422626, 0.001577, 0.304821, 0.000844, 0.404034
18, 0.424725, 0.001320, 0.307448, 0.000836, 0.389527
19, 0.426316, 0.001551, 0.307889, 0.000803, 0.427299
20, 0.428677, 0.001498, 0.309738, 0.000703, 0.395232
21, 0.429365, 0.002933, 0.313080, 0.000986, 0.562192
22, 0.432203, 0.001535, 0.313784, 0.000776, 0.427337
23, 0.433402, 0.001819, 0.314137, 0.000867, 0.458948
24, 0.434908, 0.001773, 0.314580, 0.000850, 0.494746
25, 0.436324, 0.001414, 0.315988, 0.000910, 0.540715
26, 0.438777, 0.001856, 0.316862, 0.001417, 0.472466
27, 0.439461, 0.001626, 0.317650, 0.000960, 0.478159
28, 0.438232, 0.002308, 0.320178, 0.000657, 0.654986
29, 0.439457, 0.001808, 0.319812, 0.001104, 0.510555
30, 0.441295, 0.001879, 0.321185, 0.000879, 0.546568
31, 0.442988, 0.001441, 0.321991, 0.000855, 0.557255
32, 0.444220, 0.001843, 0.322421, 0.000922, 0.600322
33, 0.445424, 0.001896, 0.323529, 0.001195, 0.576528
34, 0.446869, 0.001908, 0.325261, 0.001074, 0.575483
35, 0.448199, 0.001843, 0.325770, 0.000967, 0.563823
36, 0.449159, 0.001974, 0.326668, 0.000932, 0.664725
37, 0.450572, 0.002162, 0.328109, 0.001134, 0.677417
38, 0.451190, 0.002253, 0.328977, 0.001122, 0.601632
39, 0.453101, 0.002173, 0.329917, 0.001158, 0.601444
40, 0.454192, 0.001781, 0.330621, 0.001231, 0.593410
41, 0.454039, 0.001844, 0.332268, 0.001157, 0.754177
42, 0.455517, 0.001894, 0.333481, 0.001091, 0.599092
43, 0.455955, 0.002088, 0.333860, 0.000927, 0.622233
44, 0.458302, 0.002475, 0.335298, 0.001108, 0.619728
45, 0.459067, 0.001756, 0.336729, 0.001139, 0.672732
46, 0.460897, 0.002356, 0.337958, 0.001356, 0.634443
47, 0.462481, 0.002307, 0.339135, 0.001083, 0.622758
48, 0.463244, 0.002138, 0.339689, 0.001165, 0.673078
49, 0.464425, 0.002206, 0.340769, 0.001053, 0.784580
50, 0.465742, 0.002314, 0.341846, 0.001180, 0.769832
51, 0.467364, 0.002035, 0.343024, 0.001267, 0.686800
52, 0.469229, 0.002110, 0.344426, 0.001112, 0.747340
53, 0.470141, 0.002087, 0.345413, 0.001203, 0.827295
54, 0.471620, 0.002330, 0.346696, 0.001173, 0.755114
55, 0.472404, 0.002038, 0.348029, 0.001248, 0.756991
56, 0.473993, 0.002339, 0.348483, 0.001137, 0.748473
57, 0.475048, 0.001969, 0.349399, 0.001244, 0.774628
58, 0.476689, 0.002435, 0.350451, 0.001291, 0.801990
59, 0.477852, 0.002060, 0.351385, 0.001185, 0.782387
60, 0.478710, 0.002119, 0.352121, 0.001296, 0.798153
61, 0.479795, 0.002044, 0.353099, 0.001299, 0.804218
62, 0.480228, 0.002155, 0.353920, 0.001246, 0.818907
63, 0.481446, 0.002215, 0.354999, 0.001299, 0.775411
64, 0.482351, 0.002100, 0.356128, 0.001276, 0.840092
65, 0.484328, 0.002422, 0.357050, 0.001204, 0.850202
66, 0.485755, 0.002215, 0.358170, 0.001205, 0.889185
67, 0.486307, 0.002135, 0.358960, 0.001349, 0.883738
68, 0.487519, 0.002246, 0.360512, 0.001298, 0.851977
69, 0.488048, 0.002261, 0.361204, 0.001298, 0.854854
70, 0.489490, 0.002354, 0.362129, 0.001393, 0.850441
71, 0.490625, 0.002344, 0.363325, 0.001297, 0.880132
72, 0.491539, 0.002306, 0.363902, 0.001365, 0.845443
73, 0.492559, 0.002216, 0.364792, 0.001216, 0.885375
74, 0.493394, 0.002302, 0.365607, 0.001311, 0.880926
75, 0.494391, 0.002285, 0.366531, 0.001365, 0.892753
76, 0.495622, 0.002569, 0.367623, 0.001344, 0.888779
77, 0.496809, 0.002428, 0.368291, 0.001301, 0.903420
78, 0.497678, 0.002430, 0.369203, 0.001374, 0.888234
79, 0.498605, 0.002403, 0.369944, 0.001330, 0.879738
80, 0.500110, 0.002423, 0.370623, 0.001366, 0.913063
81, 0.501117, 0.002417, 0.371489, 0.001350, 0.918540
82, 0.501916, 0.002419, 0.372266, 0.001389, 0.912000
83, 0.502849, 0.002477, 0.373231, 0.001352, 0.910089
84, 0.503752, 0.002424, 0.374201, 0.001301, 0.877921
85, 0.504615, 0.002448, 0.374871, 0.001388, 0.918971
86, 0.505598, 0.002449, 0.375631, 0.001386, 0.927367
87, 0.506457, 0.002491, 0.376198, 0.001380, 0.925982
88, 0.507284, 0.002428, 0.377112, 0.001396, 0.931880
89, 0.508426, 0.002425, 0.377861, 0.001366, 0.934672
90, 0.509234, 0.002532, 0.378467, 0.001349, 0.953724
91, 0.510006, 0.002537, 0.379264, 0.001499, 0.940587
92, 0.510826, 0.002409, 0.380032, 0.001464, 0.928744
93, 0.511696, 0.002455, 0.380764, 0.001433, 0.933063
94, 0.512591, 0.002531, 0.381574, 0.001445, 0.941835
95, 0.513728, 0.002581, 0.382269, 0.001436, 0.947537
96, 0.514645, 0.002649, 0.382795, 0.001443, 0.941097
97, 0.515622, 0.002586, 0.383550, 0.001480, 0.952124
98, 0.516363, 0.002507, 0.384469, 0.001443, 0.958838
99, 0.517187, 0.002638, 0.385137, 0.001499, 0.944199
0, 0.763309, 0.003719, 0.306051, 0.000980, 0.000000
1, 0.716281, 0.000000, 0.325184, 0.000000, 0.000000
2, 0.692281, 0.000000, 0.328783, 0.000000, 0.000000
3, 0.672026, 0.000117, 0.341726, 0.000010, 0.000000
4, 0.630998, 0.000000, 0.362556, 0.000000, 0.000000
5, 0.599069, 0.000310, 0.352025, 0.000031, 0.001468
6, 0.598949, 0.002498, 0.360665, 0.001164, 0.049916
7, 0.580562, 0.005370, 0.364101, 0.001598, 0.109201
8, 0.560912, 0.002793, 0.366654, 0.001193, 0.482357
9, 0.550349, 0.002990, 0.371580, 0.001490, 0.732945
10, 0.539563, 0.002798, 0.377167, 0.001406, 0.957044
11, 0.532479, 0.002798, 0.382365, 0.001455, 0.968495
12, 0.529067, 0.002795, 0.386506, 0.001476, 0.975448
13, 0.527543, 0.002769, 0.389993, 0.001516, 0.972677
14, 0.527249, 0.002635, 0.392257, 0.001537, 0.967087
15, 0.527712, 0.002622, 0.394760, 0.001528, 0.959800
16, 0.529186, 0.002649, 0.396835, 0.001574, 0.957323
17, 0.530864, 0.002687, 0.398780, 0.001595, 0.962423
18, 0.533128, 0.002712, 0.400383, 0.001642, 0.959714
19, 0.535668, 0.002665, 0.402030, 0.001610, 0.966903
20, 0.537345, 0.002740, 0.404134, 0.001589, 0.968993
21, 0.539850, 0.002822, 0.406138, 0.001685, 0.973033
22, 0.542037, 0.002804, 0.407940, 0.001615, 0.970487
23, 0.543983, 0.002760, 0.409315, 0.001653, 0.972263
24, 0.546104, 0.002796, 0.410618, 0.001696, 0.973172
25, 0.548031, 0.002924, 0.412167, 0.001676, 0.975178
26, 0.549868, 0.002867, 0.413788, 0.001622, 0.971105
27, 0.551638, 0.002987, 0.415030, 0.001705, 0.973448
28, 0.553486, 0.002935, 0.416411, 0.001739, 0.977719
29, 0.555817, 0.002929, 0.418083, 0.001684, 0.975918
30, 0.558033, 0.003041, 0.419714, 0.001781, 0.977381
31, 0.560432, 0.003092, 0.421288, 0.001772, 0.978099
32, 0.562796, 0.002971, 0.422765, 0.001822, 0.977545
33, 0.564115, 0.003045, 0.424109, 0.001779, 0.979716
34, 0.565690, 0.003037, 0.425414, 0.001827, 0.978011
35, 0.567688, 0.003133, 0.426726, 0.001844, 0.978552
36, 0.569549, 0.003059, 0.427904, 0.001870, 0.979235
37, 0.571242, 0.003147, 0.429379, 0.001838, 0.979227
38, 0.572494, 0.003193, 0.430715, 0.001784, 0.978884
39, 0.574243, 0.003241, 0.432054, 0.001826, 0.979005
40, 0.576057, 0.003150, 0.433302, 0.001883, 0.978571
41, 0.577392, 0.003191, 0.434489, 0.001899, 0.981587
42, 0.578766, 0.003294, 0.435681, 0.001905, 0.978923
43, 0.580139, 0.003182, 0.436646, 0.001931, 0.980226
44, 0.581791, 0.003262, 0.437719, 0.001894, 0.979364
45, 0.583427, 0.003211, 0.438624, 0.001920, 0.980756
46, 0.585382, 0.003149, 0.439482, 0.001975, 0.981335
47, 0.587196, 0.003273, 0.440501, 0.001888, 0.979089
48, 0.587982, 0.003380, 0.441096, 0.001943, 0.980486
49, 0.588884, 0.003266, 0.442045, 0.001987, 0.983172
50, 0.590539, 0.003326, 0.443159, 0.001951, 0.982387
51, 0.592222, 0.003357, 0.444476, 0.001999, 0.981087
52, 0.594011, 0.003357, 0.445555, 0.002003, 0.981189
53, 0.595275, 0.003402, 0.446520, 0.001973, 0.982348
54, 0.597007, 0.003493, 0.447617, 0.001896, 0.980075
55, 0.597955, 0.003416, 0.448668, 0.001965, 0.980490
56, 0.599259, 0.003423, 0.449310, 0.002034, 0.979929
57, 0.600405, 0.003373, 0.450205, 0.002047, 0.981229
58, 0.601490, 0.003537, 0.451294, 0.001992, 0.981290
59, 0.602546, 0.003507, 0.451942, 0.002044, 0.979988
60, 0.603614, 0.003551, 0.452675, 0.002016, 0.982408
61, 0.604714, 0.003562, 0.453499, 0.002059, 0.980553
62, 0.605492, 0.003526, 0.454149, 0.002092, 0.978457
63, 0.606668, 0.003688, 0.454859, 0.002037, 0.980976
64, 0.607413, 0.003585, 0.455814, 0.002007, 0.982632
65, 0.608763, 0.003436, 0.456358, 0.002086, 0.981361
66, 0.609978, 0.003568, 0.457157, 0.002089, 0.984277
67, 0.610899, 0.003753, 0.457553, 0.002124, 0.981498
68, 0.611747, 0.003612, 0.458456, 0.002128, 0.980268
69, 0.612483, 0.003650, 0.458927, 0.002098, 0.982933
70, 0.613339, 0.003725, 0.459615, 0.002148, 0.979718
71, 0.614033, 0.003578, 0.460654, 0.002075, 0.983585
72, 0.614725, 0.003654, 0.461200, 0.002089, 0.978222
73, 0.615656, 0.003675, 0.461795, 0.002108, 0.979238
74, 0.616477, 0.003698, 0.462268, 0.002077, 0.981652
75, 0.617295, 0.003544, 0.463083, 0.002168, 0.979827
76, 0.618154, 0.003752, 0.463800, 0.002080, 0.980141
77, 0.619325, 0.003690, 0.464419, 0.002148, 0.981945
78, 0.620232, 0.003678, 0.464931, 0.002203, 0.979805
79, 0.620795, 0.003744, 0.465345, 0.002160, 0.979238
80, 0.621753, 0.003890, 0.465796, 0.002199, 0.980571
81, 0.622904, 0.003697, 0.466460, 0.002207, 0.979972
82, 0.623705, 0.003741, 0.467098, 0.002127, 0.980007
83, 0.624358, 0.003713, 0.467541, 0.002134, 0.981263
84, 0.625105, 0.003725, 0.468131, 0.002250, 0.978668
85, 0.625950, 0.003749, 0.468642, 0.002219, 0.978651
86, 0.626684, 0.003726, 0.469187, 0.002167, 0.979473
87, 0.627456, 0.003874, 0.469668, 0.002192, 0.980800
88, 0.628258, 0.003740, 0.470090, 0.002110, 0.982628
89, 0.628998, 0.003799, 0.470562, 0.002153, 0.982620
90, 0.629402, 0.003767, 0.470933, 0.002203, 0.980987
91, 0.629744, 0.003865, 0.471293, 0.002226, 0.978721
92, 0.630282, 0.003913, 0.471809, 0.002204, 0.982368
93, 0.630848, 0.003825, 0.472200, 0.002127, 0.983456
94, 0.631288, 0.003825, 0.472802, 0.002307, 0.977389
95, 0.631882, 0.003836, 0.473071, 0.002228, 0.981559
96, 0.632425, 0.003868, 0.473388, 0.002269, 0.979924
97, 0.633304, 0.003892, 0.473667, 0.002262, 0.981067
98, 0.633560, 0.003776, 0.474185, 0.002261, 0.980583
99, 0.634251, 0.003898, 0.474483, 0.002288, 0.980832
0, 0.487673, 0.000011, 0.391051, 0.000054, 0.000025
1, 0.500137, 0.002144, 0.384946, 0.001444, 0.481236
2, 0.507691, 0.002343, 0.384768, 0.001297, 0.826212
3, 0.511802, 0.002619, 0.385665, 0.001439, 0.904879
4, 0.515200, 0.002509, 0.387211, 0.001474, 0.943693
5, 0.518512, 0.002538, 0.388685, 0.001580, 0.948653
6, 0.521317, 0.002520, 0.391712, 0.001591, 0.959575
7, 0.524291, 0.002557, 0.392837, 0.001593, 0.948315
8, 0.526143, 0.002628, 0.394791, 0.001579, 0.964621
9, 0.528793, 0.002744, 0.396647, 0.001519, 0.960031
10, 0.530575, 0.002646, 0.398647, 0.001556, 0.965172
11, 0.533364, 0.002728, 0.400685, 0.001663, 0.966927
12, 0.536069, 0.002804, 0.402472, 0.001611, 0.969955
13, 0.538339, 0.002876, 0.404230, 0.001624, 0.968421
14, 0.539975, 0.002750, 0.405696, 0.001645, 0.967306
15, 0.541606, 0.002755, 0.407533, 0.001626, 0.965166
16, 0.543745, 0.002821, 0.409509, 0.001670, 0.968777
17, 0.545947, 0.002822, 0.411327, 0.001690, 0.973313
18, 0.548424, 0.002869, 0.412844, 0.001741, 0.970753
19, 0.551132, 0.002854, 0.414397, 0.001711, 0.973669
20, 0.552909, 0.002871, 0.416461, 0.001700, 0.976659
21, 0.555474, 0.002987, 0.418376, 0.001775, 0.978219
22, 0.557670, 0.002944, 0.420092, 0.001720, 0.975822
23, 0.559614, 0.002941, 0.421466, 0.001758, 0.977063
24, 0.561622, 0.003000, 0.422711, 0.001783, 0.977864
25, 0.563474, 0.003098, 0.424121, 0.001773, 0.979679
26, 0.565419, 0.003069, 0.425790, 0.001737, 0.976074
27, 0.566960, 0.003172, 0.426895, 0.001789, 0.978519
28, 0.568873, 0.003099, 0.428148, 0.001839, 0.979581
29, 0.570994, 0.003117, 0.429696, 0.001792, 0.978953
30, 0.573033, 0.003194, 0.431328, 0.001861, 0.979993
31, 0.575346, 0.003279, 0.432778, 0.001871, 0.980252
32, 0.577723, 0.003171, 0.434128, 0.001912, 0.979258
33, 0.579077, 0.003233, 0.435326, 0.001889, 0.980866
34, 0.580655, 0.003209, 0.436572, 0.001929, 0.980064
35, 0.582442, 0.003297, 0.437772, 0.001932, 0.980163
36, 0.584198, 0.003243, 0.438915, 0.001961, 0.981013
37, 0.585761, 0.003338, 0.440316, 0.001928, 0.980427
38, 0.587092, 0.003360, 0.441520, 0.001878, 0.979852
39, 0.588760, 0.003365, 0.442773, 0.001909, 0.980556
40, 0.590435, 0.003319, 0.443916, 0.001964, 0.979783
41, 0.591626, 0.003349, 0.444919, 0.001988, 0.982238
42, 0.592902, 0.003437, 0.446017, 0.001979, 0.979616
43, 0.594198, 0.003363, 0.446917, 0.002009, 0.981074
44, 0.595736, 0.003393, 0.447871, 0.001975, 0.980143
45, 0.597336, 0.003378, 0.448734, 0.002014, 0.981289
46, 0.599157, 0.003346, 0.449484, 0.002063, 0.981344
47, 0.600857, 0.003441, 0.450350, 0.001965, 0.979639
48, 0.601491, 0.003519, 0.450777, 0.002043, 0.980945
49, 0.602136, 0.003407, 0.451589, 0.002043, 0.982969
50, 0.603576, 0.003497, 0.452481, 0.002042, 0.982236
51, 0.605081, 0.003530, 0.453716, 0.002085, 0.980919
52, 0.606720, 0.003497, 0.454593, 0.002069, 0.981353
53, 0.607807, 0.003582, 0.455490, 0.002054, 0.982205
54, 0.609246, 0.003664, 0.456516, 0.001978, 0.979998
55, 0.610156, 0.003606, 0.457513, 0.002052, 0.980606
56, 0.611448, 0.003550, 0.458015, 0.002146, 0.981353
57, 0.612524, 0.003521, 0.458796, 0.002105, 0.981109
58, 0.613610, 0.003717, 0.459816, 0.002060, 0.981110
59, 0.614550, 0.003669, 0.460396, 0.002111, 0.980307
60, 0.615637, 0.003715, 0.461033, 0.002067, 0.981944
61, 0.616605, 0.003695, 0.461750, 0.002151, 0.980172
62, 0.617243, 0.003641, 0.462272, 0.002173, 0.978117
63, 0.618217, 0.003850, 0.462911, 0.002120, 0.980554
64, 0.618897, 0.003720, 0.463839, 0.002114, 0.982368
65, 0.620111, 0.003566, 0.464372, 0.002177, 0.980623
66, 0.621194, 0.003731, 0.465064, 0.002161, 0.984054
67, 0.621998, 0.003869, 0.465342, 0.002219, 0.980886
68, 0.622777, 0.003759, 0.466114, 0.002240, 0.979549
69, 0.623430, 0.003725, 0.466439, 0.002165, 0.982800
70, 0.624175, 0.003851, 0.467141, 0.002222, 0.979203
71, 0.624716, 0.003707, 0.468113, 0.002140, 0.983149
72, 0.625369, 0.003769, 0.468611, 0.002160, 0.978336
73, 0.626214, 0.003800, 0.469032, 0.002174, 0.978715
74, 0.626878, 0.003830, 0.469435, 0.002172, 0.981093
75, 0.627698, 0.003679, 0.470182, 0.002213, 0.978999
76, 0.628434, 0.003874, 0.470794, 0.002143, 0.979240
77, 0.629500, 0.003796, 0.471339, 0.002226, 0.981067
78, 0.630268, 0.003757, 0.471774, 0.002282, 0.979071
79, 0.630616, 0.003873, 0.472093, 0.002203, 0.978550
80, 0.631317, 0.004049, 0.472494, 0.002266, 0.979749
81, 0.632386, 0.003777, 0.473091, 0.002260, 0.979346
82, 0.633168, 0.003866, 0.473664, 0.002196, 0.979275
83, 0.633761, 0.003844, 0.474009, 0.002211, 0.980822
84, 0.634571, 0.003809, 0.474573, 0.002311, 0.977674
85, 0.635232, 0.003919, 0.475075, 0.002258, 0.977798
86, 0.635868, 0.003819, 0.475534, 0.002237, 0.978675
87, 0.636494, 0.003985, 0.475913, 0.002286, 0.979704
88, 0.637332, 0.003870, 0.476255, 0.002129, 0.982237
89, 0.637978, 0.003900, 0.476655, 0.002198, 0.982031
90, 0.638382, 0.003870, 0.476975, 0.002275, 0.980158
91, 0.638667, 0.003968, 0.477299, 0.002308, 0.978977
92, 0.639114, 0.004035, 0.477747, 0.002270, 0.981644
93, 0.639670, 0.003934, 0.478046, 0.002178, 0.982824
94, 0.639930, 0.003914, 0.478638, 0.002370, 0.977976
95, 0.640376, 0.003897, 0.478766, 0.002286, 0.979318
96, 0.640811, 0.003977, 0.479047, 0.002296, 0.979021
97, 0.641675, 0.003982, 0.479308, 0.002326, 0.980156
98, 0.641962, 0.003828, 0.479677, 0.002324, 0.979467
99, 0.642532, 0.003968, 0.479924, 0.002332, 0.980016
0, 0.686360, 0.000000, 0.319461, 0.000000, 0.000000
1, 0.631176, 0.000000, 0.332145, 0.000000, 0.000000
2, 0.632507, 0.000000, 0.342081, 0.000000, 0.000001
3, 0.607965, 0.000003, 0.341587, 0.000001, 0.000010
4, 0.597599, 0.001180, 0.343221, 0.000056, 0.002970
5, 0.573249, 0.003587, 0.339014, 0.000177, 0.020423
6, 0.562464, 0.002020, 0.344384, 0.001297, 0.138701
7, 0.554502, 0.003455, 0.347392, 0.001240, 0.286772
8, 0.537561, 0.002733, 0.349220, 0.001103, 0.571427
9, 0.525236, 0.002649, 0.354789, 0.001299, 0.790668
10, 0.514491, 0.002547, 0.361129, 0.001306, 0.963882
11, 0.508818, 0.002536, 0.366366, 0.001369, 0.969236
12, 0.506346, 0.002523, 0.370163, 0.001363, 0.967736
13, 0.505467, 0.002571, 0.373373, 0.001407, 0.948839
14, 0.505415, 0.002472, 0.375473, 0.001429, 0.937735
15, 0.505991, 0.002427, 0.377703, 0.001399, 0.918686
16, 0.507894, 0.002416, 0.379201, 0.001417, 0.906301
17, 0.509504, 0.002473, 0.381050, 0.001466, 0.918174
18, 0.511386, 0.002436, 0.382837, 0.001499, 0.921844
19, 0.513577, 0.002374, 0.384159, 0.001459, 0.941216
20, 0.515315, 0.002541, 0.386018, 0.001427, 0.932004
21, 0.517565, 0.002568, 0.388039, 0.001581, 0.962557
22, 0.519615, 0.002600, 0.389558, 0.001487, 0.949415
23, 0.521239, 0.002525, 0.391017, 0.001483, 0.953310
24, 0.523246, 0.002577, 0.392124, 0.001561, 0.956093
25, 0.524996, 0.002685, 0.393783, 0.001507, 0.962604
26, 0.526816, 0.002602, 0.395637, 0.001501, 0.957275
27, 0.528817, 0.002745, 0.396776, 0.001567, 0.954051
28, 0.530859, 0.002698, 0.398153, 0.001601, 0.970995
29, 0.533008, 0.002701, 0.400077, 0.001529, 0.965104
30, 0.535007, 0.002801, 0.401785, 0.001631, 0.972294
31, 0.537513, 0.002856, 0.403336, 0.001617, 0.967692
32, 0.539711, 0.002722, 0.404724, 0.001674, 0.971497
33, 0.541228, 0.002824, 0.406180, 0.001619, 0.973530
34, 0.542820, 0.002800, 0.407583, 0.001684, 0.969933
35, 0.544864, 0.002902, 0.408969, 0.001704, 0.971596
36, 0.546576, 0.002841, 0.410326, 0.001734, 0.976258
37, 0.548461, 0.002928, 0.411982, 0.001679, 0.975314
38, 0.549900, 0.002944, 0.413233, 0.001687, 0.974543
39, 0.551613, 0.003005, 0.414610, 0.001697, 0.973162
40, 0.553488, 0.002919, 0.415932, 0.001739, 0.972593
41, 0.554894, 0.002953, 0.417252, 0.001756, 0.978900
42, 0.556428, 0.003057, 0.418543, 0.001744, 0.972333
43, 0.557882, 0.002941, 0.419612, 0.001774, 0.976632
44, 0.559720, 0.003025, 0.420916, 0.001751, 0.974491
45, 0.561584, 0.003008, 0.421961, 0.001801, 0.978035
46, 0.563446, 0.002944, 0.422977, 0.001816, 0.979089
47, 0.565375, 0.003048, 0.424189, 0.001754, 0.975291
48, 0.566290, 0.003141, 0.425014, 0.001781, 0.977343
49, 0.567328, 0.003022, 0.426057, 0.001852, 0.982410
50, 0.569056, 0.003108, 0.427096, 0.001809, 0.981769
51, 0.570936, 0.003063, 0.428639, 0.001861, 0.980278
52, 0.572768, 0.003088, 0.429743, 0.001867, 0.979477
53, 0.574220, 0.003149, 0.430812, 0.001831, 0.981575
54, 0.575954, 0.003176, 0.431994, 0.001792, 0.979187
55, 0.576940, 0.003161, 0.433166, 0.001832, 0.979264
56, 0.578262, 0.003184, 0.433937, 0.001877, 0.979859
57, 0.579667, 0.003115, 0.434992, 0.001890, 0.980164
58, 0.581106, 0.003305, 0.436249, 0.001854, 0.980466
59, 0.582309, 0.003261, 0.437089, 0.001937, 0.980204
60, 0.583579, 0.003279, 0.437975, 0.001911, 0.981349
61, 0.584735, 0.003363, 0.438993, 0.001948, 0.979996
62, 0.585816, 0.003307, 0.439735, 0.001950, 0.977435
63, 0.586833, 0.003441, 0.440642, 0.001930, 0.980555
64, 0.587669, 0.003329, 0.441612, 0.001872, 0.982081
65, 0.589071, 0.003176, 0.442451, 0.001945, 0.981666
66, 0.590344, 0.003328, 0.443283, 0.001969, 0.983816
67, 0.591420, 0.003485, 0.443866, 0.001978, 0.981755
68, 0.592419, 0.003396, 0.444813, 0.001989, 0.980484
69, 0.593472, 0.003465, 0.445496, 0.001968, 0.983038
70, 0.594636, 0.003474, 0.446397, 0.002011, 0.979783
71, 0.595622, 0.003411, 0.447444, 0.001972, 0.983562
72, 0.596492, 0.003456, 0.448133, 0.001991, 0.979398
73, 0.597461, 0.003449, 0.448756, 0.002011, 0.979067
74, 0.598420, 0.003495, 0.449302, 0.001946, 0.981462
75, 0.599415, 0.003312, 0.450217, 0.002021, 0.980303
76, 0.600387, 0.003519, 0.451048, 0.001970, 0.980634
77, 0.601672, 0.003484, 0.451768, 0.002026, 0.982159
78, 0.602744, 0.003421, 0.452345, 0.002079, 0.980101
79, 0.603356, 0.003567, 0.452715, 0.002054, 0.981794
80, 0.604462, 0.003573, 0.453309, 0.002072, 0.981149
81, 0.605670, 0.003443, 0.454141, 0.002070, 0.980427
82, 0.606580, 0.003557, 0.454950, 0.002034, 0.980708
83, 0.607404, 0.003483, 0.455585, 0.002026, 0.981225
84, 0.608303, 0.003557, 0.456323, 0.002129, 0.978260
85, 0.609211, 0.003550, 0.457020, 0.002110, 0.979446
86, 0.610081, 0.003521, 0.457693, 0.002084, 0.980305
87, 0.610981, 0.003690, 0.458182, 0.002118, 0.981216
88, 0.612010, 0.003575, 0.458723, 0.002064, 0.982976
89, 0.612834, 0.003645, 0.459287, 0.002059, 0.983081
90, 0.613482, 0.003676, 0.459773, 0.002135, 0.981862
91, 0.614088, 0.003591, 0.460260, 0.002152, 0.979890
92, 0.614784, 0.003668, 0.460945, 0.002098, 0.983031
93, 0.615491, 0.003677, 0.461426, 0.002076, 0.983995
94, 0.616068, 0.003631, 0.462105, 0.002156, 0.980004
95, 0.616744, 0.003611, 0.462438, 0.002132, 0.980794
96, 0.617384, 0.003673, 0.462818, 0.002195, 0.980154
97, 0.618325, 0.003747, 0.463231, 0.002148, 0.982144
98, 0.618753, 0.003641, 0.463792, 0.002172, 0.981937
99, 0.619550, 0.003741, 0.464190, 0.002168, 0.981263
0, 0.474552, 0.002220, 0.296733, 0.000904, 0.349944
1, 0.457289, 0.002144, 0.304659, 0.000919, 0.870370
2, 0.447822, 0.001955, 0.312205, 0.000971, 0.879306
3, 0.442979, 0.002072, 0.316612, 0.000953, 0.731391
4, 0.442168, 0.001907, 0.320088, 0.001115, 0.635511
5, 0.444385, 0.001938, 0.322009, 0.001210, 0.596332
6, 0.446961, 0.001678, 0.325157, 0.001242, 0.623089
7, 0.448376, 0.001636, 0.326450, 0.001278, 0.570786
8, 0.448738, 0.001942, 0.328036, 0.001146, 0.594191
9, 0.451335, 0.002110, 0.329497, 0.001025, 0.552975
10, 0.452594, 0.001773, 0.331120, 0.001032, 0.613336
11, 0.454313, 0.002092, 0.332681, 0.000987, 0.636657
12, 0.456081, 0.001905, 0.333654, 0.001285, 0.660238
13, 0.457729, 0.002284, 0.335339, 0.001246, 0.637104
14, 0.458511, 0.001967, 0.336058, 0.001051, 0.646138
15, 0.459295, 0.001797, 0.337995, 0.001162, 0.638629
16, 0.462192, 0.001852, 0.339389, 0.001185, 0.616871
17, 0.463161, 0.002015, 0.341001, 0.001097, 0.680662
18, 0.465106, 0.001892, 0.343211, 0.001242, 0.660000
19, 0.466777, 0.001954, 0.344130, 0.001097, 0.731075
20, 0.469047, 0.002021, 0.345937, 0.001062, 0.702934
21, 0.470654, 0.001972, 0.348314, 0.001305, 0.841511
22, 0.473150, 0.002017, 0.349250, 0.001165, 0.742947
23, 0.474225, 0.002152, 0.350389, 0.001128, 0.772473
24, 0.475882, 0.002120, 0.351215, 0.001231, 0.791685
25, 0.477362, 0.002143, 0.352857, 0.001212, 0.824798
26, 0.479475, 0.002164, 0.354648, 0.001408, 0.808116
27, 0.481426, 0.002254, 0.355158, 0.001208, 0.771811
28, 0.482787, 0.002293, 0.356860, 0.001266, 0.902758
29, 0.484117, 0.002257, 0.358395, 0.001181, 0.865169
30, 0.485688, 0.002214, 0.360006, 0.001281, 0.875942
31, 0.487672, 0.002247, 0.361478, 0.001243, 0.861695
32, 0.489333, 0.002316, 0.362807, 0.001330, 0.890714
33, 0.490885, 0.002426, 0.364149, 0.001310, 0.890748
34, 0.492492, 0.002320, 0.365623, 0.001391, 0.861032
35, 0.494286, 0.002396, 0.366668, 0.001385, 0.873916
36, 0.495414, 0.002383, 0.368035, 0.001334, 0.921435
37, 0.497022, 0.002419, 0.369436, 0.001384, 0.928504
38, 0.498394, 0.002393, 0.370477, 0.001403, 0.902834
39, 0.500026, 0.002497, 0.371772, 0.001414, 0.876169
40, 0.501719, 0.002373, 0.373001, 0.001395, 0.899096
41, 0.502488, 0.002355, 0.374538, 0.001460, 0.932456
42, 0.504313, 0.002548, 0.375862, 0.001417, 0.890099
43, 0.505426, 0.002406, 0.377073, 0.001379, 0.921752
44, 0.507569, 0.002523, 0.378375, 0.001439, 0.914827
45, 0.509282, 0.002457, 0.379473, 0.001447, 0.954086
46, 0.510934, 0.002477, 0.380567, 0.001547, 0.935147
47, 0.512763, 0.002509, 0.381925, 0.001424, 0.914609
48, 0.513504, 0.002675, 0.383046, 0.001424, 0.935118
49, 0.514685, 0.002531, 0.384102, 0.001464, 0.960554
50, 0.516429, 0.002648, 0.385353, 0.001502, 0.960331
51, 0.518117, 0.002480, 0.386863, 0.001555, 0.946848
52, 0.519956, 0.002587, 0.387926, 0.001481, 0.959035
53, 0.521258, 0.002549, 0.388855, 0.001464, 0.967742
54, 0.522718, 0.002635, 0.390291, 0.001530, 0.959818
55, 0.523924, 0.002569, 0.391556, 0.001484, 0.954436
56, 0.525432, 0.002671, 0.392486, 0.001476, 0.956269
57, 0.527101, 0.002624, 0.393397, 0.001501, 0.956138
58, 0.528792, 0.002707, 0.394791, 0.001562, 0.963393
59, 0.529981, 0.002681, 0.395867, 0.001600, 0.963479
60, 0.531040, 0.002695, 0.396982, 0.001601, 0.967005
61, 0.532238, 0.002796, 0.398109, 0.001621, 0.964753
62, 0.533458, 0.002722, 0.399043, 0.001617, 0.959595
63, 0.534584, 0.002775, 0.400214, 0.001589, 0.963499
64, 0.535666, 0.002669, 0.401213, 0.001578, 0.968528
65, 0.537212, 0.002743, 0.402291, 0.001654, 0.970709
66, 0.538597, 0.002731, 0.403248, 0.001634, 0.973870
67, 0.539683, 0.002822, 0.403975, 0.001669, 0.974154
68, 0.540845, 0.002806, 0.405203, 0.001621, 0.969433
69, 0.542064, 0.002861, 0.406126, 0.001659, 0.971788
70, 0.543404, 0.002928, 0.407284, 0.001697, 0.969129
71, 0.544799, 0.002872, 0.408406, 0.001660, 0.975098
72, 0.545897, 0.002867, 0.409290, 0.001676, 0.969352
73, 0.547000, 0.002861, 0.410083, 0.001672, 0.970529
74, 0.548133, 0.002906, 0.410917, 0.001622, 0.972782
75, 0.549376, 0.002797, 0.412013, 0.001702, 0.974010
76, 0.550528, 0.002932, 0.412966, 0.001692, 0.975530
77, 0.551851, 0.002952, 0.413928, 0.001706, 0.976249
78, 0.553005, 0.002865, 0.414763, 0.001731, 0.974195
79, 0.553820, 0.003009, 0.415500, 0.001693, 0.975119
80, 0.555336, 0.002884, 0.416335, 0.001745, 0.977142
81, 0.556595, 0.002985, 0.417356, 0.001736, 0.975372
82, 0.557636, 0.002951, 0.418262, 0.001704, 0.975938
83, 0.558745, 0.002960, 0.419212, 0.001726, 0.974424
84, 0.559928, 0.002902, 0.420056, 0.001727, 0.972758
85, 0.560892, 0.002989, 0.420894, 0.001745, 0.975326
86, 0.561837, 0.002988, 0.421740, 0.001778, 0.976667
87, 0.562935, 0.003102, 0.422301, 0.001775, 0.977572
88, 0.564124, 0.003053, 0.423138, 0.001788, 0.978415
89, 0.565136, 0.003066, 0.423995, 0.001759, 0.979168
90, 0.566033, 0.003154, 0.424612, 0.001814, 0.980326
91, 0.566830, 0.003028, 0.425346, 0.001820, 0.977181
92, 0.567723, 0.002987, 0.426114, 0.001755, 0.979989
93, 0.568735, 0.003118, 0.426979, 0.001776, 0.982236
94, 0.569641, 0.003108, 0.427801, 0.001790, 0.977982
95, 0.570694, 0.003121, 0.428363, 0.001826, 0.978876
96, 0.571741, 0.003199, 0.428910, 0.001847, 0.979150
97, 0.572821, 0.003264, 0.429540, 0.001848, 0.981139
98, 0.573556, 0.003231, 0.430384, 0.001840, 0.982109
99, 0.574522, 0.003222, 0.431016, 0.001857, 0.978492
0, 0.598709, 0.003448, 0.426608, 0.001919, 0.955854
1, 0.593028, 0.003658, 0.430142, 0.001799, 0.968084
2, 0.589897, 0.003349, 0.433432, 0.001877, 0.973732
3, 0.588491, 0.003358, 0.436475, 0.001881, 0.977509
4, 0.588159, 0.003350, 0.438864, 0.001946, 0.978932
5, 0.589126, 0.003340, 0.440929, 0.001916, 0.980546
6, 0.590700, 0.003351, 0.443352, 0.002007, 0.980170
7, 0.592117, 0.003388, 0.444688, 0.001996, 0.981190
8, 0.593949, 0.003326, 0.446123, 0.002034, 0.983208
9, 0.595926, 0.003331, 0.447565, 0.001961, 0.980308
10, 0.597609, 0.003383, 0.449125, 0.002026, 0.982205
11, 0.599302, 0.003423, 0.450513, 0.002033, 0.980560
12, 0.601174, 0.003536, 0.451698, 0.002021, 0.981730
13, 0.602955, 0.003592, 0.452859, 0.002122, 0.981468
14, 0.604467, 0.003415, 0.453749, 0.001972, 0.979362
15, 0.605856, 0.003527, 0.455210, 0.002052, 0.979927
16, 0.607554, 0.003616, 0.456818, 0.002120, 0.982689
17, 0.609444, 0.003615, 0.458233, 0.002095, 0.984699
18, 0.611308, 0.003610, 0.459090, 0.002131, 0.979859
19, 0.613404, 0.003623, 0.460535, 0.002077, 0.980575
20, 0.615288, 0.003536, 0.462062, 0.002204, 0.982093
21, 0.617415, 0.003659, 0.463443, 0.002049, 0.979930
22, 0.619073, 0.003614, 0.464663, 0.002090, 0.979354
23, 0.620494, 0.003688, 0.465641, 0.002134, 0.980255
24, 0.622096, 0.003661, 0.466107, 0.002163, 0.979840
25, 0.623475, 0.003769, 0.466920, 0.002151, 0.981668
26, 0.624799, 0.003887, 0.468148, 0.002156, 0.978339
27, 0.625520, 0.003778, 0.468706, 0.002176, 0.980807
28, 0.626719, 0.003883, 0.469192, 0.002254, 0.979172
29, 0.628024, 0.003895, 0.470400, 0.002218, 0.981076
30, 0.629363, 0.003860, 0.471319, 0.002179, 0.980902
31, 0.630967, 0.003964, 0.471970, 0.002213, 0.980336
32, 0.632489, 0.003911, 0.472665, 0.002306, 0.978700
33, 0.633559, 0.003886, 0.473266, 0.002339, 0.978491
34, 0.634489, 0.003778, 0.474088, 0.002256, 0.978688
35, 0.635438, 0.003870, 0.474629, 0.002264, 0.978261
36, 0.636077, 0.003945, 0.475279, 0.002323, 0.979840
37, 0.637186, 0.003904, 0.476144, 0.002321, 0.979293
38, 0.637759, 0.003788, 0.476830, 0.002114, 0.978576
39, 0.638580, 0.003976, 0.477714, 0.002184, 0.980289
40, 0.639654, 0.003993, 0.478268, 0.002353, 0.978378
41, 0.640385, 0.004072, 0.478456, 0.002320, 0.980387
42, 0.640852, 0.003998, 0.479098, 0.002211, 0.979280
43, 0.641798, 0.003945, 0.479493, 0.002187, 0.978501
44, 0.642646, 0.003950, 0.479920, 0.002331, 0.978135
45, 0.643660, 0.003895, 0.480301, 0.002338, 0.978163
46, 0.644528, 0.003953, 0.480572, 0.002287, 0.977129
47, 0.645880, 0.004052, 0.480651, 0.002275, 0.976280
48, 0.645980, 0.004196, 0.480717, 0.002358, 0.978174
49, 0.645861, 0.003883, 0.481100, 0.002225, 0.979065
50, 0.646580, 0.004133, 0.481358, 0.002426, 0.975801
51, 0.647499, 0.004241, 0.482232, 0.002322, 0.976095
52, 0.648696, 0.004004, 0.482686, 0.002304, 0.978852
53, 0.649332, 0.004189, 0.482920, 0.002262, 0.978733
54, 0.649920, 0.004243, 0.483279, 0.002299, 0.975272
55, 0.650225, 0.004178, 0.483848, 0.002420, 0.976929
56, 0.651066, 0.004031, 0.483912, 0.002437, 0.977224
57, 0.651822, 0.003958, 0.484419, 0.002345, 0.976599
58, 0.652363, 0.004293, 0.485154, 0.002287, 0.976574
59, 0.652740, 0.004153, 0.485347, 0.002292, 0.975279
60, 0.653069, 0.004049, 0.485419, 0.002177, 0.974947
61, 0.653611, 0.004183, 0.486005, 0.002396, 0.975686
62, 0.654007, 0.004112, 0.486080, 0.002411, 0.973316
63, 0.654213, 0.004232, 0.486366, 0.002318, 0.975728
64, 0.654446, 0.004099, 0.486549, 0.002396, 0.979513
65, 0.655336, 0.004037, 0.486897, 0.002340, 0.975925
66, 0.655771, 0.004237, 0.487094, 0.002284, 0.980601
67, 0.656047, 0.004376, 0.486921, 0.002473, 0.975761
68, 0.656281, 0.004237, 0.487392, 0.002464, 0.973702
69, 0.656425, 0.004058, 0.487572, 0.002472, 0.980163
70, 0.656676, 0.004410, 0.487971, 0.002358, 0.971625
71, 0.656907, 0.004089, 0.488649, 0.002354, 0.979526
72, 0.657269, 0.004297, 0.488775, 0.002366, 0.973213
73, 0.657490, 0.004104, 0.488883, 0.002475, 0.972788
74, 0.657517, 0.004203, 0.489203, 0.002457, 0.977194
75, 0.657945, 0.004103, 0.489811, 0.002385, 0.972349
76, 0.658206, 0.004398, 0.490043, 0.002429, 0.973752
77, 0.658792, 0.004129, 0.490357, 0.002345, 0.976970
78, 0.659151, 0.004029, 0.490230, 0.002442, 0.974861
79, 0.659172, 0.004349, 0.490328, 0.002330, 0.975596
80, 0.659220, 0.004660, 0.490424, 0.002326, 0.975155
81, 0.660056, 0.004115, 0.490738, 0.002366, 0.975378
82, 0.660711, 0.004331, 0.490946, 0.002449, 0.974695
83, 0.660684, 0.004334, 0.491162, 0.002434, 0.977197
84, 0.661069, 0.004151, 0.491406, 0.002466, 0.971866
85, 0.661082, 0.004237, 0.491579, 0.002419, 0.972656
86, 0.661195, 0.004194, 0.491738, 0.002471, 0.974460
87, 0.661360, 0.004345, 0.491760, 0.002476, 0.975464
88, 0.662038, 0.004167, 0.491701, 0.002170, 0.979259
89, 0.662216, 0.004017, 0.491877, 0.002274, 0.978633
90, 0.662645, 0.004226, 0.492013, 0.002395, 0.976236
91, 0.662754, 0.004354, 0.492128, 0.002487, 0.973487
92, 0.662819, 0.004262, 0.492419, 0.002475, 0.977803
93, 0.663141, 0.004244, 0.492580, 0.002296, 0.979649
94, 0.662986, 0.004221, 0.492883, 0.002482, 0.973369
95, 0.662969, 0.004027, 0.492862, 0.002361, 0.975767
96, 0.663143, 0.004252, 0.492923, 0.002391, 0.973267
97, 0.663633, 0.004258, 0.493043, 0.002485, 0.976018
98, 0.663973, 0.003924, 0.493183, 0.002461, 0.974963
99, 0.664118, 0.004174, 0.493502, 0.002539, 0.976531
